#T0 | k | L#
1027.5 0.88 5
1027.5 0.88 20
1027.5 0.88 50
1027.5 0.88 70
2568.75 0.88 5
2568.75 0.88 20
2568.75 0.88 50
2568.75 0.88 70
5137.5 0.88 5
5137.5 0.88 20
5137.5 0.88 50
5137.5 0.88 70
7706.25 0.88 5
7706.25 0.88 20
7706.25 0.88 50
7706.25 0.88 70
9247.5 0.88 5
9247.5 0.88 20
9247.5 0.88 50
9247.5 0.88 70
1027.5 0.9 20
1027.5 0.9 50
1027.5 0.9 70
2568.75 0.9 20
2568.75 0.9 50
2568.75 0.9 70
5137.5 0.9 20
5137.5 0.9 50
5137.5 0.9 70
7706.25 0.9 20
7706.25 0.9 50
7706.25 0.9 70
9247.5 0.9 20
9247.5 0.9 50
9247.5 0.9 70