-2.332047774586126554e+00
-4.896747675734904881e+00
-8.110477652767270840e+00
-1.205464710020227592e+00
-2.193312821409948210e+00
-9.204326255628471287e+00
-6.470192464468664362e+00
-9.549838762900108691e+00
-1.028859009036343863e+01
2.089033113229722183e+00
-6.389835964087453135e+00
-2.319439348411394430e+00
-3.710913918602779304e+00
-4.758628263318047225e+00
-9.173800006986901678e+00
-9.039767506351385151e+00
-3.233054510471174758e+00
-4.844925862127951177e-01
-1.235227107103180089e+01
-8.755074524480512821e+00
-5.807362089725529586e+00
-8.185148905835006872e-01
-2.847352136741982953e+00
-1.751525320910985783e+00
-4.035574797481902287e+00
-8.810038124011962068e+00
-5.545067025274545536e+00
6.899283422469171256e-02
-4.305465421639281587e+00
-9.893019096828570724e+00
6.612799244710094726e-01
-3.169156080869358405e+00
-2.084496628434165277e+00
2.873738923639270304e+00
-7.191152031300056535e+00
-7.717673086606017918e+00
-1.502492126808033568e+01
-4.412158020371942158e+00
-2.575218038185814518e+00
-5.090155560212019203e+00
-4.946310970479409264e+00
-1.256220425017453124e+00
-3.317509359316929363e+00
-3.353521436378682274e+00
-5.285295699048565332e+00
-5.181750302204869207e+00
-8.364561080404904203e-01
-5.376138938622141872e+00
-6.683375813121886999e+00
-7.207954259497492799e+00
-5.484390191782609669e+00
-4.239434563880037032e+00
-2.951450421014466752e+00
-4.473846133332577857e+00
-6.326468496865934377e+00
-1.152954512246487084e+01
-2.523543708998759350e+00
-8.970295122271650712e+00
-5.645385547220002742e+00
-2.303826772767001430e-01
-3.997053792088439028e+00
-8.254464989881952874e+00
-2.185505479508918381e+00
-6.072568556542393914e+00
-6.930237914612195738e+00
-2.155807903583983887e-02
-2.292559531787172755e+00
7.750010746265362016e+00
-9.322259018646352757e+00
-4.959082794188933718e+00
-3.248681278254604621e+00
3.111504919126986124e-01
-6.004580123382615930e+00
1.372442508667893968e+00
-4.316729171599952508e+00
-7.837015608639372743e+00
-5.532098364247604039e+00
-5.069427757961260994e+00
-5.404371653524401964e+00
-7.256158510204372192e+00
-5.716142380553565161e+00
-9.557646875414818055e-01
-1.316016656983915123e+00
2.732359336579058606e+00
-8.181452875554803938e+00
-9.046140786932511446e+00
3.603119782330168164e+00
-3.299439664774566516e+00
-3.235393971706401750e+00
-8.269757307463098783e+00
-3.248430080804021625e+00
-4.601106888423164953e+00
-4.738375725903715363e+00
-1.022773142933530721e-01
-8.078396195854899986e+00
-4.231521283493456131e+00
-1.189301224698921722e+01
-3.154963189587836503e+00
-9.341467115508098829e+00
2.293512938620854591e+00
-1.033145397343562877e+01
1.549564884569859302e+00
-8.291754713106501029e+00
-1.139243644202226236e+01
-4.093953040846646907e+00
-4.064408037522377448e+00
-8.788889786897019718e+00
-1.004630483082385695e+01
-1.455946310175452574e+01
-6.333095944039848213e+00
-3.625932948187089888e+00
-1.311144326348713030e+01
-4.474334779733978529e+00
1.412936443929456054e+00
-1.205725457039459947e+01
-2.733984299347757663e+00
-2.804847703379406365e+00
-7.460539919608208059e+00
-3.705817444435784758e+00
-9.412773858827229390e+00
-3.197616149229272509e+00
1.469808114029047985e+00
-6.369459765577685673e+00
-7.493945529347959322e+00
-1.305923258662067532e+01
2.483575897937734922e+00
2.492792382019189290e+00
-7.005823898608145583e+00
-4.639624225593178330e+00
-5.375778324799347807e+00
4.419392895028773083e-01
-1.127937016498009370e+01
-2.294387379288029383e+00
-1.402354644385673943e+01
-2.385536048186994940e+00
-7.983251189898206590e+00
2.271329617709048065e-01
-2.802759666814718109e+00
-7.448722468027737520e+00
-7.947368451050973448e+00
-9.781438968781234422e+00
1.728181905952659747e+00
-7.383088163378159763e-01
-7.422254417636921175e+00
-1.033421652476473440e+01
-3.015769047776621914e+00
-4.947224742807258657e+00
-6.940840209409033790e+00
-4.536676491719477511e+00
-2.339619134119778288e+00
-5.106225180607726344e+00
-2.507122894972058980e+00
-5.014965679552258138e+00
-3.912122940365033053e+00
-7.166555110978926280e+00
-1.824824945889524930e+00
-4.375948506304501606e+00
-6.218390338248470428e+00
-4.240577234972589871e+00
-5.928263074104350494e+00
-5.761432947348827938e+00
-2.898463841395096274e+00
-1.507765044182382219e+00
-1.152384746503958013e+01
-5.760212473625686336e+00
-4.674838633281465761e+00
-9.479368747332049594e+00
-3.250569832252135249e+00
-5.955693149915894047e+00
-7.149597899119928712e+00
-1.207542140284738252e+01
-1.077532532620567807e+01
-4.626198991096313051e+00
2.172012213501179012e+00
-6.668184807190596253e+00
-1.338898547253450211e+01
-4.432348748408276862e-02
-4.308331754563763383e+00
-3.128155813545863140e-01
-7.514323157330320413e+00
-1.545039689021530993e+00
-3.601333910821227668e+00
-9.994014425687833381e+00
-6.412770459017298030e+00
-4.505034299194648817e+00
-8.510560822294536365e+00
-2.216750531531088697e-01
-6.601387560596211124e+00
-1.454462834044242481e+00
-5.961519093512499090e+00
-2.392020644555337583e+00
-2.724559129040081906e+00
-1.261406042127126526e+01
-5.974491319323276706e+00
-2.056135053523864720e+00
-6.339729151119058770e+00
1.089561873504729661e+00
2.352707939051832398e-01
-8.075063937923912860e+00
-4.243396177904337208e+00
-2.708200985387879900e+00
-7.611750497155266082e+00
1.762346793739910211e+00
-1.717483165005264656e+00
-4.561721927975126434e+00
-8.043961411343373058e+00
-8.337109824993206075e+00
-7.888925362172916067e+00
-1.758797083433417452e+00
-8.374114566141104277e+00
-1.330525405961344720e+00
4.418989566807125513e+00
-1.029819209205476582e+01
-7.487680736727195807e+00
-4.474552298714788989e-01
-3.789831687114251224e+00
-8.406142558033561585e+00
-5.185798884788990648e+00
-5.097090157566894320e+00
-1.978496053499684937e+00
-8.442455524135370482e+00
-6.034528046840943460e+00
-5.504424141369643309e+00
-3.530740528682487778e+00
-5.847217499096392324e+00
-1.086200694221825103e+01
-1.022344399777480817e+01
-7.565049106163002079e-02
-6.890723955672683587e+00
-4.531818872942380949e+00
-4.844172651293546572e+00
-3.440281545684645614e+00
5.038942651444777709e-01
-4.787905676033975766e+00
-1.752199367079485981e+00
-2.878404565908804891e+00
-3.885521836894498371e+00
-9.359577258186231319e+00
-6.722501777939267065e+00
-1.206298984326148904e+00
-6.190030235976340833e+00
-6.335942358401677410e+00
-6.055750856471991739e+00
-9.764167561129397654e+00
-8.246327752971371439e+00
-4.155475202886624864e+00
-8.489022570675091472e+00
-1.005004406213496182e+01
-2.082161588251070228e+00
-1.685758379754892289e+00
-5.223135551700082146e+00
-8.968251871216466498e+00
-1.026080336468603971e+00
-3.284382530771442710e+00
-1.127775637688347743e+01
-8.789355160331590255e+00
-1.079742797848601477e+01
-1.327324310222167902e+01
4.039267938836132998e-02
6.604979942927560188e-01
-1.357350016913921031e+01
-2.951176102558296321e+00
-5.811533946581795007e+00
-4.144456401032536874e+00
-1.948081580395160994e+00
-1.853482266713333271e+00
-5.246307762506598138e+00
-7.509974857750986388e+00
-2.750310778677702128e+00
1.799091533134796528e+00
-1.041346206934301222e+01
-8.310060010505690542e+00
-6.034819661223658649e+00
-8.756078419216111186e+00
-6.923423048099275334e+00
-1.715961914908119113e+00
-3.784971184178993475e+00
-6.001587173601502734e+00
-5.415953852519638900e+00
-8.323171446000257490e+00
-2.324099321793902995e+00
-7.396325604830392031e+00
-9.734759886058753864e+00
-7.543219577234000717e+00
-5.413563949464557545e+00
5.397400415908686355e-01
-5.566861951018447385e+00
-7.099683412898650126e+00
3.112857367417785071e+00
-5.510943041386590302e+00
-1.620360855204578954e-01
-3.492243033202298896e+00
-2.751179151377335597e+00
-9.868494889555655902e+00
-3.958054807546022680e+00
-7.344453372555292958e+00
-9.907534620564625527e+00
-3.985460300224383356e+00
-6.192426532958704932e+00
-5.089585413320552476e+00
-1.588783036201924403e+00
-1.441742912160934331e+01
-4.452271916634980897e+00
-1.186697941557970282e+01
-1.243026315988468866e+01
-5.794203784421022796e+00
-7.670913656474665387e+00
-1.484976019267866931e+01
-6.254344187979917535e+00
-5.162306207489382182e+00
-9.720531757235688630e-01
-1.806602344252767001e+00
-6.052229034115963913e+00
-1.196789682597678528e+01
-6.636600041195444888e+00
-4.119336835380562611e+00
-3.131425260808990529e+00
-2.043407046926124959e+00
-5.100724769704682693e+00
-4.087743605749192710e+00
-7.712125110443037279e+00
-6.974010479751390434e+00
-3.445465436994020969e+00
-1.930280556336277709e+00
-1.028322117791607582e+01
-7.328882330467585859e+00
-6.364348884472928347e+00
-2.896642791975512665e+00
-5.378697999275539487e+00
4.351341635395847618e+00
-4.671048928959605107e+00
-8.102578262390949249e+00
-6.055616558514912207e+00
-7.342432696098690315e+00
-5.806388961560341677e+00
-4.034650884277997562e+00
5.547457365799637330e-01
2.483790134866978860e-01
-3.003790603401572668e+00
-9.372679619627749759e+00
-3.346066750543291057e+00
-8.367913821683286457e+00
-5.665942747606785623e+00
-3.407100518009587020e+00
-5.399538696608818356e+00
3.022490440036103010e+00
-5.144170691214980273e+00
-6.604998174786468113e+00
-6.210018520925880914e+00
-1.546085249322384669e+00
-1.171099386681047605e+01
-7.176053636764899935e+00
-9.791049522014478868e+00
-6.543543532688209652e+00
-1.238796297157432136e+01
-6.686777884605783484e+00
-1.994144526465764233e+00
-8.575689185101248668e+00
-1.339505476628654268e+00
-8.370428558731543234e+00
-6.322715502127506326e+00
-1.024343165053937454e+01
-3.489587200663489597e+00
-3.711677845566158318e+00
-5.015937587426433808e+00
-1.968340518923270999e+00
-7.458570925109396121e+00
1.604412846160069961e+00
-4.881902215814574397e+00
-8.721041038820105840e+00
-6.681712624852259808e+00
-5.743470719025530968e+00
-1.024248592836415561e+01
-9.728352757782836591e+00
9.258769475095194323e-01
-3.469201380421961023e+00
-1.502853466266738547e+00
3.971159068485331289e+00
-2.557976225203101972e+00
-8.358152811047169450e+00
-1.859659814782502973e+00
-7.996578441116866998e+00
-5.455687010107661550e-01
-2.574562687136121575e+00
-5.345769005024312293e-01
-8.434233807762080204e+00
-1.206055092781466698e+01
-3.792762989441043953e+00
-2.079718958001045781e+00
-4.833173124945860266e+00
-6.589252907805750681e+00
-6.506449769196276378e+00
-6.755820917337195475e+00
-2.811174537065461276e+00
-1.066415568402682723e+01
-6.249066522965705417e+00
-2.727790385710080479e+00
-5.207334861437511897e+00
-7.156216041659442695e+00
-6.862084286675590228e+00
-3.537588499413982568e+00
-2.217537061110290253e+00
-1.124637907733935194e+01
3.368553066076167113e+00
-3.755697883555391137e+00
-5.380348071266515042e+00
-9.623875246868934141e+00
-8.267749256507872957e+00
-2.281543634815913268e+00
-3.676575362090904520e+00
-1.273954503450159592e+01
-9.058828784035728887e+00
-6.171875867335801402e+00
-9.365502759961767509e+00
1.821116217871646015e+00
-9.501038832037957960e-01
-7.267715475024994376e+00
-1.168486515259585445e+01
-5.010162566275512930e+00
-7.030325026700777968e+00
-7.332920331348305787e+00
-1.015948523136783344e+01
-2.854157306388822590e+00
-5.694512659266366406e+00
-1.018094150899449879e+00
-2.305614072964256245e+00
-7.191622059556983970e+00
-4.994468048210642941e+00
-8.152605759087013126e+00
-5.067856406575208972e+00
-9.425173629135382924e+00
-2.899817539116945397e+00
-1.390944896770897365e+01
-4.174004095943163684e+00
-5.650139304656592643e+00
-2.616492240301192318e+00
-9.253443765929068476e+00
-4.861384663629590541e+00
-3.028100692969725394e+00
-5.838617554778008589e+00
-4.905189358425269042e+00
-5.607189701637140367e+00
-7.135913198270110058e+00
-7.396679466697867689e+00
-1.122901398831662689e+01
-4.530618393861603366e+00
-5.354018420832797887e+00
7.259993612663597773e-01
-8.589451684084050243e+00
7.722438732287626451e-01
-9.927617955460918964e-01
-1.427247027196712992e+01
-5.580593321990879652e+00
-1.295776822912060311e-01
-5.438444648615341492e+00
-2.475242858560507742e+00
-1.500331060773354874e+00
-8.235045950365858403e+00
-3.607181435401455971e+00
-5.800009245707057559e+00
-3.549229471019641480e-01
-1.481667914398232710e+01
-6.742592723957215206e+00
-9.731477070282700481e+00
-5.938826892179553063e+00
-3.738176789455214255e+00
-4.337825528283393517e+00
-5.634065557228361776e+00
-1.899563663011996972e+00
-8.368465241553085576e+00
-1.820114017147244745e+00
-4.980839873759260961e+00
-1.018490760972994025e+01
-4.394507260991373343e+00
-3.932534208150553212e+00
-4.881762918036756105e+00
-1.004451934961315729e+01
-5.331956803669790190e+00
2.798121021577808065e+00
2.195977329826957813e+00
-8.848128058814356933e+00
-6.037623680763769762e+00
-7.374894924469491464e+00
-1.102296815012530118e+01
-1.117459819225150142e+01
-5.885086030182757000e+00
-5.413532989381630856e-01
-1.754715147913424644e+00
-4.820467129220604718e-01
2.262701322365185064e+00
-7.998192062126437740e+00
-6.292651998851770401e+00
-1.158560925099458139e+01
-6.762216108295814543e+00
-4.003935782590282599e+00
-9.845645274066878727e-01
-9.953768621790548110e+00
-8.108751366591061327e+00
-6.346487707451440308e+00
-6.516464800644885536e+00
-1.183077943115477559e+01
-3.363348953142375919e+00
-7.059031410746972490e+00
-7.074651574945078458e+00
-8.264150627698906959e+00
-6.201947664556989537e+00
-7.977448957363664661e+00
-6.178069692929853751e+00
-6.944594918525988092e-01
-5.824109535659687253e+00
-3.906787144770817566e+00
-5.422710949715970230e+00
-1.120290180213388709e+01
-1.284035063276195210e+01
-3.416379780325658810e+00
-8.478071244827992459e+00
-6.405252585149712630e+00
-8.309997017919455331e+00
-1.063228741694183732e+01
-1.732263373281837104e-01
5.251830836059781404e+00
-6.580776967614632156e-02
-1.035467314069526168e+01
-7.254265012321980954e+00
-4.143242052868440162e+00
-9.975090428571354195e+00
-6.270874653868776960e+00
-4.274173780231205200e+00
1.863384138832077319e+00
-1.172379797454749806e+01
-5.070402254646587004e+00
-9.989398568934909406e+00
-1.439364258647078998e+01
-2.864380226521991535e+00
-1.300414472767799623e+01
-6.802323590348278159e+00
-2.391025228243436995e+00
-4.751879891946480861e+00
-6.607365166954154212e+00
-1.179375653657982248e+00
-7.241250123371089309e+00
-8.079973543792867474e+00
-1.554679520579993479e-01
-4.884544818144645362e+00
-8.435860288213500979e+00
-1.003652509861314890e+01
-7.399705316273861300e+00
-1.079196819645071859e+00
-7.446139187436326523e+00
-4.773132929066776775e+00
4.402523570818503984e-01
3.784992831711191386e-01
-1.072494488766369258e+01
-3.960653000394938061e-01
-1.534209798824167237e+01
-2.922849065250958667e+00
-1.070057641682537763e+01
-8.128959730052612187e+00
-7.499681978383891057e+00
-8.001001100162026702e+00
-5.418230678745350026e+00
-7.102596067967467341e+00
1.886184032957700651e+00
-6.368386215830274644e+00
-9.444476489741024494e+00
-4.697622211995549968e+00
-8.155626498514127576e+00
-5.373245961659551817e+00
-7.283029606064014061e+00
-5.187637928395158582e+00
-3.930523786631225924e+00
-1.798756691524888485e+00
5.187404910570680983e-02
-2.492482463152663641e+00
-5.723570777510486707e+00
-7.552390492410602008e+00
-9.689824512919916089e+00
4.529872851880343276e-01
-7.046823497980140516e+00
-6.726247618071419687e+00
-4.595425061638139574e+00
-2.115664242133912243e+00
8.804584396391801349e-01
-3.109590637387967593e+00
-1.013063633522407159e+01
-3.139938257599346194e+00
-6.138777693136515445e+00
-7.650738056923190200e+00
-1.264454325323857375e+00
-5.953070308825574308e+00
-5.443925970548234794e+00
-2.179099805109742327e+00
-3.414191165725836363e+00
-3.054451404729627395e+00
-4.248935645666979788e+00
-7.530165059870393307e+00
-7.426928924315633118e+00
-5.807229500511876807e+00
-5.255534279837575262e+00
-1.543835555170098850e+00
1.317014065833109093e+00
7.162171084306330648e+00
-3.030224249069631171e+00
1.151199377410769920e+01
9.732581765012987773e+00
4.211261998185953814e+00
4.737491155385884056e+00
6.159873383054655704e+00
3.141085626108607087e+00
7.301111516312991156e+00
9.921370888121350262e+00
2.231657865607225233e+00
6.716017078187682010e+00
3.025515979969495284e+00
1.224203684005722437e+01
3.382073344846210361e-01
4.634030172661194769e+00
7.623129077496530570e+00
7.092718067740731769e+00
4.213389223864534294e+00
8.370071851675653818e+00
5.065860736591675462e+00
9.264761336114602841e+00
1.487821439739153817e+00
4.604049436951111574e+00
1.123456731853138635e+01
1.261125429850326185e+01
1.280574720559018331e+01
3.024137640812040839e+00
1.812529597677170301e+01
7.435793312934454669e+00
1.615495592379788548e+01
9.429266645995703300e+00
2.402888111442900154e+00
9.112454952254354978e+00
6.127374688058422336e+00
8.675257712235914909e+00
4.772534541530234264e+00
7.955071896291535438e+00
7.849771768913354819e+00
3.629256977895818359e+00
8.856835026666390220e+00
4.258464015053143648e+00
4.323923599440696819e+00
2.127222579396336855e+00
8.903857544644381505e+00
5.857839343414502409e+00
-5.693532690425229248e-02
2.881513934842637070e+00
7.930753617340949191e+00
6.964203057520791162e+00
7.249976192945675635e+00
4.265326729049254695e+00
7.135581385055360215e+00
7.017116233833359473e+00
1.021155909554621033e+01
6.561131034430242259e+00
1.327539657744766899e+01
6.038234700985020353e+00
9.311536097043131122e+00
1.344920247157588022e+01
1.823219535115049972e+00
5.671180303536981882e+00
1.236245517710733566e+01
6.125889602410721224e+00
5.408132140824788436e+00
1.401263990769803058e+01
1.287562520342373418e+01
8.489925733182216661e+00
5.240769594666463860e+00
1.012235255899453890e+01
4.982111802131973022e+00
1.376547179895897344e+01
2.741872580209082422e+00
2.614469222463906561e+00
8.499496474053449546e-01
6.289919579200844879e+00
1.170611526620213994e+01
6.587690856793186889e+00
1.135776280723435860e+01
8.568377696872458316e+00
8.463063583279128110e+00
8.622043713433145129e+00
7.152078507736600699e+00
4.985044300777781601e+00
9.901070600531676646e+00
9.700802411493903321e+00
1.136768216604570725e+01
7.919819886429513289e+00
9.989826384102407530e+00
5.189167038901839391e+00
9.771586377107785992e+00
2.572711184364278481e+00
1.267387219129009424e+00
1.045162242329406688e+01
6.044848202011465332e+00
8.022331803297461761e+00
7.173439923650076544e+00
7.742416310761929488e+00
-1.539974458778621269e+00
5.276954220178945221e+00
7.163467560589728222e+00
4.207919890821408160e+00
7.184930976228169897e+00
4.372625970935640538e+00
6.914320498248800462e+00
8.329815577300159646e+00
5.099195187829181464e+00
-4.627914874788414679e-01
8.640127094735801094e+00
8.010393530473109536e+00
5.940122126615039910e+00
6.424621309413737436e+00
2.563528776537812526e+00
8.210304383757989655e+00
7.905980233226339138e+00
9.438824674411764093e+00
6.251193367184327165e+00
1.759090380248018448e-02
1.520411000533737678e+00
5.917430860631132994e+00
1.397604329152728653e+01
5.350451517922150124e+00
9.533477865006192431e+00
6.484427408898243428e+00
8.426473681362683266e+00
7.825278501865414071e+00
2.983002558866274079e+00
7.444973581091061554e+00
1.249749177495289132e+01
1.977435023824545723e+00
6.135341741262360316e+00
8.008758092642290549e+00
7.386944441715768583e+00
8.678094762160560194e+00
2.967534415307912177e+00
1.525996406041477016e+01
1.014627922563055407e+01
1.067542162439156783e+01
1.192952932763432372e+01
5.206155839560470788e+00
9.999195547339573054e+00
5.090194103100534662e+00
6.686559600726535990e+00
9.829062987280437369e+00
1.147207057721602297e+01
7.283574072182501524e+00
5.302433307420072239e+00
6.160014103458523849e+00
1.305552920364339897e+01
7.453709036867373960e+00
-1.497590843448573850e+00
1.138586736789514831e+01
1.044735575411347028e+01
2.800821830387882905e+00
1.376363143091320573e+00
4.643598246542506303e+00
9.490490237465641243e+00
4.382402034727199691e+00
-2.629150318779460704e-01
1.088118870620526479e+01
1.492284854821590301e+01
3.828452520736226106e+00
7.683996799334792627e+00
5.964598558087914171e+00
6.261298460309994596e+00
3.943511749823564116e+00
6.900988173694139860e+00
1.063799900896155748e+01
8.346370082411157298e+00
-1.878657177290374847e+00
1.410134196383312499e+00
4.618966210278085960e+00
8.611469485172481342e+00
9.821673120846829974e+00
1.333984033119607915e+01
1.152979168420198874e+01
-9.756990398907001705e-01
4.518751176435708672e+00
1.019834879696198371e+01
9.756634414962226387e+00
3.633307412929489999e+00
9.451151105971813848e+00
9.416455580030863359e+00
5.563579261504447260e+00
3.707788214957651096e+00
1.080166614508407896e+01
2.601939840653230362e+00
6.075240922161673218e+00
1.224170019553223909e+01
5.936754794663824164e+00
-9.807468834949872871e-03
6.510365388166700740e+00
2.338866839138325382e+00
4.701820295399054217e+00
5.147174625953829796e+00
9.125258691313860027e+00
1.153827148209561138e+01
2.763798512478276237e+00
2.469233407804519942e+00
5.556716646577734231e+00
1.390267122444045000e+01
1.032913215597714185e+01
1.388668365240413927e+00
6.143311420979680193e+00
4.946053290504438316e+00
7.227214710202069625e+00
7.500255915093738679e+00
7.822902734431899319e+00
9.539776589324818090e+00
1.693516862486773533e+01
3.422198469843244162e+00
2.435214624959533225e+00
9.274400131993791874e+00
4.741810633500933569e+00
9.838020483071446165e+00
1.922762285396998116e+00
2.075061136060676326e+00
3.633473940004436908e+00
2.245714305195386729e+00
4.376200229972362798e+00
1.017608699399395178e+01
2.100120765727112371e+00
3.790612498532481833e+00
1.005520560962007970e+01
5.259067047874355083e+00
6.999849040588723703e+00
9.311848149114815953e+00
9.703010972481633800e+00
6.550121715103355946e+00
4.700971696664782762e+00
-4.730625554531471266e-01
7.404740875507297204e+00
9.621740665393080150e+00
9.223603408917472990e+00
-4.488036403808859376e-01
7.003663724120102962e+00
8.164285833969969985e+00
6.320003780445643926e+00
-4.084719752072585308e-01
2.261802667830600022e+00
9.964121898485434059e-02
1.006653049318720150e+01
1.268226306493558297e+01
4.950807522028760843e+00
-1.626712891273029982e-01
3.337771949943654004e+00
9.836358484192098572e+00
6.641460526879189530e+00
1.090201315718909925e+01
1.073852951700482450e+00
9.063925060370818798e+00
4.620953942593393649e+00
7.574059239136770927e+00
1.057279749487658016e+01
7.868007194209456934e+00
1.482766972910229875e+01
7.123314545819516397e+00
7.188024514716106594e+00
6.855979294594627405e-01
7.932269090409524992e+00
1.115244522999789822e+00
9.529992423347213304e+00
4.626503602344373967e+00
9.275251485835523724e+00
6.642151656074618771e+00
5.074376725116886533e+00
3.435392233926868322e+00
5.865708406987327095e+00
1.461536516947687581e+01
7.470349632317639710e+00
9.634091458711278477e+00
1.413271544534343249e+01
1.413248753934120039e+01
7.358523955269382633e+00
2.391889858326369911e+00
-1.829721172695828457e-01
1.227383292611498433e+01
3.885955520400487195e+00
1.100414872997586357e+01
1.256104264986299768e+01
1.009317960105912171e+01
1.606695583238592917e+01
1.206955585761497396e+01
4.345409452299280773e+00
5.695737127580797754e+00
5.114207202356316984e+00
-1.012176843193685727e+00
1.039953596831830751e+01
7.359233297383795502e+00
9.860990525302014476e+00
4.541374339369354196e+00
4.817960923308537424e+00
3.000336400620091659e+00
7.697355547042569412e+00
2.595047348896260431e+00
8.998333489312003053e+00
1.247980363197457621e+01
9.218059587447134717e+00
4.760675083592085244e+00
7.277686679210590981e+00
5.114614500820545473e+00
6.561278747395517641e+00
1.211423492059324225e+01
5.878135581910528096e+00
1.878410316288706916e+00
1.736309988082528122e+00
1.092045553032346561e+01
6.365005078052978327e+00
7.827417019481360150e+00
2.568125514047853386e+00
4.479267629837302422e+00
8.758523602256955698e-01
1.044285829825367529e+01
3.683479551106170202e+00
1.264430645080915383e+01
5.373749466477173442e+00
1.019074858746178158e+01
5.765581186889111365e+00
3.555558536562738237e+00
8.972550584778842264e+00
6.891124516571339953e+00
4.078644275876264658e+00
9.420023959323039264e+00
9.222810531914038989e+00
3.337194158386184384e+00
1.383869843966413882e+01
7.906511754415110005e+00
-6.973822731105849826e-01
1.116491055690309864e+01
7.078612559060844411e+00
3.175104573975273681e+00
3.495021295161067076e+00
9.731946321453623483e+00
1.075138394331755798e+01
1.619785751962965037e+00
6.037166912197489133e+00
2.480899749717625724e+00
1.200349939499544938e+01
1.696562690412136476e+00
2.409164720720072594e+00
7.384788307353335135e+00
1.171853289846990975e+01
7.568879000750108332e+00
9.527624457266547608e+00
6.236626842736331611e+00
5.612237613561321226e+00
8.793821467422375804e+00
6.128788338334435259e+00
8.067217796368955973e+00
2.853842204304026353e+00
8.260099958231762685e+00
8.520512994496307613e+00
8.685088638818500684e+00
6.914854659183671259e+00
8.439002380549140980e-01
6.214545943351781787e+00
4.037846520389540395e+00
6.725352494545520976e+00
7.437532074557316797e+00
6.008691009461469612e+00
1.144724894765895939e+01
1.162882054165567070e+01
5.980033718871022863e+00
6.985509732720374565e+00
-2.499791735000593818e+00
8.589776852644362748e+00
4.817055477591781099e+00
1.276299601750900337e+01
1.693791045722090871e+01
3.603841165193914176e+00
6.007593360976681396e+00
3.349072790140766642e+00
3.418345991377677695e+00
1.149074378355224013e+01
6.312884477089171220e+00
5.024430306110560629e+00
7.294041019216066957e+00
1.123987043620975967e+01
1.084076276486931079e+01
-1.228612532782218381e+00
8.284670996980850077e+00
5.099841268598248156e+00
1.033984337267202847e+01
6.238658473491425660e+00
8.341876647941784739e+00
4.388653167324544135e+00
1.032865511546506454e+01
4.761328276683309824e-01
9.340974207717881228e+00
2.463743431869690248e+00
3.397237689377811343e+00
9.709183254428179310e+00
1.000770629983747995e+00
3.491424407026715304e+00
3.860256051259412846e+00
5.070641019147680950e+00
1.070354694853866384e+01
1.744866013773478741e+01
7.224417979214306840e+00
