[0.33333333 0.33333333 0.33333333]
[0.47677951 0.27377268 0.24944781]
[0.5339827  0.27280844 0.19320886]
[0.5591784  0.28799185 0.15282976]
[0.57347332 0.30557661 0.12095007]
[0.58350987 0.32162545 0.09486468]
[0.59131958 0.33534947 0.07333095]
[0.59758198 0.34683024 0.05558778]
[0.60259008 0.35631728 0.04109263]
[0.60652122 0.36404941 0.02942937]
[0.60951464 0.37022928 0.02025608]
[0.6116979  0.37503529 0.01326681]
[0.6131983  0.37863809 0.00816361]
[0.61414717 0.38121263 0.0046402 ]
[0.61467836 0.38294273 0.00237891]
[0.61492153 0.38401746 0.00106102]
[6.14992076e-01 3.84620660e-01 3.87264390e-04]
[6.14981059e-01 3.84916843e-01 1.02097758e-04]
[6.14948720e-01 3.85038059e-01 1.32204871e-05]
[ 6.14924607e-01  3.85076401e-01 -1.00758995e-06]
[ 6.14914954e-01  3.85085046e-01 -1.32349206e-10]
[ 6.14913330e-01  3.85086670e-01 -1.32349352e-10]
[ 6.14913007e-01  3.85086993e-01 -1.32349352e-10]
