[0.33333333 0.33333333 0.33333333]
[0.50790491 0.27548733 0.21660776]
[0.58403671 0.28415047 0.13181283]
[0.61656203 0.31493108 0.06850689]
[0.62964316 0.34684502 0.02351182]
[6.30421248e-01 3.69197310e-01 3.81441336e-04]
[ 6.22809756e-01  3.77677394e-01 -4.87150280e-04]
[ 6.20643147e-01  3.79356854e-01 -6.19754882e-10]
[ 6.20367556e-01  3.79632445e-01 -6.20140133e-10]
[ 6.20311307e-01  3.79688694e-01 -6.20141438e-10]
[ 6.20299828e-01  3.79700173e-01 -6.20141705e-10]
[ 6.20297486e-01  3.79702515e-01 -6.20141759e-10]
[ 6.20297008e-01  3.79702993e-01 -6.20141770e-10]
[ 6.20296910e-01  3.79703090e-01 -6.20141772e-10]
